100 10000
2 53
1 60
2 53
1 14
2 50
2 65
2 73
1 97
2 20
1 72
2 80
2 83
1 3
2 25
2 67
2 86
1 28
2 69
2 25
1 59
1 71
1 44
2 25
1 9
1 47
2 4
1 7
1 54
1 56
1 35
1 53
2 61
1 32
2 37
2 54
2 89
1 57
1 99
1 86
1 39
2 75
2 42
2 76
2 66
1 90
2 36
1 37
1 75
1 35
2 39
1 50
1 70
2 15
1 83
1 43
1 9
2 76
2 23
2 28
2 70
2 62
1 84
2 80
1 69
1 18
2 84
2 81
2 87
1 61
1 83
1 68
1 89
1 71
2 18
2 50
1 78
1 45
1 64
1 31
1 77
1 46
2 16
2 74
1 18
2 79
2 80
1 96
1 73
1 47
2 15
2 42
2 95
2 58
1 67
1 57
1 30
2 23
1 88
1 8
2 79
1 14
2 91
1 27
2 78
2 3
1 15
1 5
1 54
2 62
2 25
1 95
2 22
2 11
2 84
2 80
2 68
1 74
2 84
2 77
2 44
1 98
1 3
2 73
2 91
2 45
1 64
1 85
1 14
2 38
2 81
1 53
1 32
2 59
1 92
1 83
1 99
1 37
2 42
2 32
1 26
1 97
2 96
2 21
2 18
2 94
2 18
1 18
2 99
2 22
1 3
2 47
1 12
2 26
1 98
2 55
1 71
2 59
1 34
2 7
1 51
2 77
1 26
2 2
1 18
1 33
2 57
1 35
1 80
2 57
2 66
1 23
1 29
2 24
1 61
1 90
1 28
2 21
2 70
2 26
1 96
2 94
1 41
1 50
1 40
2 17
1 9
1 25
2 34
2 72
2 72
1 44
2 74
1 3
1 58
1 49
1 73
1 47
1 90
2 57
2 39
1 92
2 28
1 86
1 21
2 87
1 75
2 17
1 40
2 74
1 7
2 28
2 14
2 82
2 98
1 4
2 93
2 70
2 92
2 46
2 53
1 80
1 70
2 99
2 76
1 16
1 66
2 1
1 55
1 31
1 8
2 37
2 51
2 33
1 30
2 30
1 26
2 15
2 30
1 16
1 12
1 94
2 12
1 31
1 67
1 92
1 24
1 48
2 68
2 32
2 68
2 10
1 16
2 72
1 3
2 71
2 88
1 54
1 50
1 26
2 80
1 62
1 32
2 50
2 3
2 84
1 17
1 75
1 31
1 21
2 52
1 20
2 26
1 17
2 53
2 87
1 24
2 13
1 16
2 73
1 80
2 19
1 4
1 71
2 63
2 66
2 45
2 7
1 68
2 97
1 35
1 17
2 35
2 73
1 55
2 23
1 62
1 43
2 66
2 3
2 82
2 83
1 34
2 20
1 21
2 28
2 65
1 23
2 94
2 51
2 73
2 66
2 23
2 63
2 61
1 57
2 82
2 26
1 17
2 39
2 1
1 73
2 99
1 3
1 97
2 92
2 12
1 38
1 16
1 17
1 24
2 6
2 4
1 92
2 34
1 37
2 50
2 27
2 81
2 37
1 52
1 100
2 76
2 36
2 60
1 56
1 96
2 10
1 12
2 57
2 12
2 46
1 66
1 12
1 38
2 90
2 33
1 23
1 34
2 36
2 13
1 79
1 12
2 41
2 47
2 38
1 57
1 58
2 95
1 68
2 90
1 76
2 42
2 34
2 90
1 7
2 1
1 17
2 9
1 32
2 28
1 4
1 26
1 90
2 95
2 92
1 48
1 14
2 82
2 21
2 70
2 18
2 42
2 44
2 96
1 44
1 40
2 98
2 24
2 84
2 24
2 98
1 59
1 83
1 88
1 98
1 15
1 39
2 90
2 41
2 93
2 34
1 16
2 7
2 62
2 16
2 87
1 85
2 87
2 9
2 39
1 77
2 83
1 54
1 23
2 68
2 1
2 93
2 21
1 23
2 75
2 19
1 30
2 75
1 52
2 13
2 6
2 76
1 11
2 43
2 4
2 100
1 23
1 57
2 49
1 22
2 15
2 67
2 80
2 66
1 4
1 53
2 5
1 9
2 28
1 100
2 23
1 61
2 36
2 19
1 4
2 47
1 87
1 41
1 57
1 89
2 15
1 2
2 24
2 48
2 64
2 63
1 78
2 12
1 86
1 15
1 81
1 3
2 14
1 64
1 65
2 43
1 6
2 81
2 34
2 11
1 39
1 4
1 88
1 35
2 61
1 51
1 85
1 65
2 8
1 19
1 18
2 73
2 44
1 18
1 30
2 91
1 83
2 28
1 46
2 82
2 46
1 8
1 97
2 29
1 44
2 67
1 86
2 100
1 2
2 33
2 16
2 62
2 8
2 94
2 85
2 16
2 87
2 86
1 7
2 20
2 25
1 50
1 72
1 73
2 35
1 38
1 93
2 88
1 100
2 6
2 15
2 70
2 77
1 37
2 19
2 88
1 27
1 69
2 75
1 2
1 41
1 39
2 15
2 36
1 96
1 41
1 5
1 14
1 35
2 26
2 53
1 81
1 81
1 25
1 54
1 43
2 33
1 26
2 91
2 25
1 39
2 76
2 20
2 47
1 11
1 10
2 77
2 27
1 52
2 4
1 69
1 6
2 63
2 48
1 89
1 86
1 11
1 53
1 82
2 70
2 95
2 18
1 14
2 42
1 85
2 55
2 54
2 67
2 88
1 76
1 74
2 68
1 28
2 63
1 24
1 44
1 54
2 28
2 5
1 98
1 8
2 76
1 40
1 83
1 56
1 91
1 99
2 8
2 38
1 46
2 35
1 55
1 4
1 15
1 16
2 60
1 41
1 66
2 60
1 26
1 71
1 88
1 48
2 75
1 29
1 58
2 9
1 54
1 15
1 27
1 60
1 71
2 58
2 1
1 1
2 38
1 5
1 53
1 3
1 84
1 39
1 13
2 39
2 72
1 12
2 71
2 54
2 21
2 62
1 88
1 51
2 60
1 19
1 10
2 71
2 98
2 42
1 47
2 52
1 48
1 89
1 77
2 73
2 23
2 99
1 41
2 44
2 46
1 37
1 12
1 19
2 3
1 89
1 85
1 74
2 1
2 52
2 48
1 11
1 47
1 2
1 64
1 62
1 87
2 16
2 93
2 68
2 93
2 9
2 8
2 40
2 18
1 91
2 23
1 2
1 28
2 92
2 92
1 26
1 55
2 63
1 38
1 10
1 27
1 36
1 83
1 89
1 94
1 24
2 60
2 48
2 33
1 79
1 47
1 34
2 2
1 61
1 73
1 20
2 82
2 34
2 41
2 26
1 17
2 21
1 68
1 75
1 25
1 37
2 3
2 97
2 20
2 28
1 8
1 66
1 36
1 11
2 93
1 1
1 99
1 55
2 76
1 50
2 92
1 2
1 19
2 56
1 77
1 98
2 52
2 87
2 17
1 98
1 55
2 21
2 32
2 64
1 71
1 2
2 91
1 26
1 23
2 93
1 7
1 18
1 52
2 89
2 1
1 53
2 2
1 24
2 17
2 35
1 61
2 64
2 96
2 82
1 58
2 49
2 6
2 74
2 31
2 50
1 79
2 5
1 29
2 44
1 17
2 31
2 31
1 83
2 32
2 3
1 40
2 47
2 32
1 17
2 95
2 70
2 23
1 77
2 17
2 91
1 19
2 96
2 76
1 60
1 67
1 63
1 60
1 97
2 74
2 44
2 42
2 16
2 40
2 76
1 63
1 84
1 79
2 71
2 72
2 81
1 82
2 41
1 87
2 75
2 8
2 58
1 34
2 52
1 33
2 35
2 85
2 67
2 71
2 59
2 14
1 69
1 62
1 38
1 48
1 24
2 75
1 57
2 2
1 62
1 99
2 23
2 39
2 9
1 75
1 81
2 77
1 86
2 60
2 39
1 37
1 53
2 39
1 90
1 76
1 33
1 65
1 24
1 39
2 66
1 56
2 95
2 74
1 11
2 86
2 74
1 19
1 31
2 78
2 7
1 20
1 100
1 6
2 100
2 66
1 89
1 43
1 9
2 35
2 4
2 92
2 11
2 30
2 67
2 79
2 82
2 60
1 55
1 26
1 99
2 31
2 84
1 49
1 21
2 85
2 63
1 43
2 58
2 23
1 20
2 29
2 43
2 56
2 48
1 18
1 99
2 81
1 79
1 93
1 39
1 2
1 77
1 70
2 95
1 65
1 87
2 18
2 1
2 3
1 56
1 7
2 87
2 17
1 71
1 55
2 28
2 18
1 25
1 63
1 54
2 46
1 100
2 3
2 38
1 86
2 48
1 77
1 91
2 33
2 51
2 82
1 47
2 21
2 63
1 60
2 55
1 17
2 59
1 4
1 36
2 44
1 44
2 71
1 38
1 4
2 73
2 32
2 91
1 19
1 89
1 94
2 22
1 44
1 58
2 41
1 35
2 76
1 24
1 96
1 9
2 32
1 98
2 59
2 68
2 86
1 67
2 23
1 79
1 58
1 23
2 22
2 93
2 41
1 19
1 2
2 43
1 60
1 12
1 49
2 27
2 41
2 18
1 35
2 60
2 91
2 49
2 74
1 37
2 39
1 39
2 26
2 93
2 57
1 41
1 37
2 49
1 50
2 55
2 87
1 13
1 53
1 1
1 12
2 35
1 86
2 48
1 22
1 47
2 32
2 59
2 59
2 26
1 58
2 11
2 57
1 89
2 63
1 60
1 27
2 72
2 8
2 77
2 25
1 90
1 74
2 81
2 6
2 48
2 55
1 96
1 50
1 21
2 4
2 2
1 21
2 52
1 15
1 2
2 71
2 49
1 30
2 72
2 65
1 26
1 79
1 91
1 96
2 71
1 75
1 70
2 40
2 5
2 82
2 11
2 47
2 69
1 100
2 34
1 24
1 81
1 82
1 39
2 95
2 58
1 77
1 41
2 8
1 25
2 62
1 86
1 17
2 48
1 74
1 90
1 12
2 9
1 14
2 92
1 82
2 7
1 92
1 2
1 100
2 38
1 10
2 72
1 73
2 30
1 98
1 69
1 3
2 77
2 3
2 68
2 88
1 78
2 28
2 76
1 96
1 19
2 13
1 45
2 19
1 5
1 49
1 13
1 76
1 13
1 87
2 68
1 15
1 64
1 67
1 42
1 84
1 96
2 19
1 76
1 47
2 21
1 7
1 56
1 11
1 1
1 30
1 38
1 92
1 14
2 54
2 83
1 60
1 35
1 31
2 25
1 4
2 40
1 4
1 15
1 55
2 27
2 63
2 47
2 100
2 32
2 29
1 91
1 91
1 76
1 32
2 51
2 55
1 24
2 50
2 61
2 21
2 31
2 37
1 51
1 79
2 15
1 55
2 82
1 96
1 44
1 39
1 89
1 3
2 5
1 14
1 18
2 72
1 8
1 26
1 26
1 60
2 33
1 42
1 61
1 68
2 97
1 25
1 54
1 44
2 28
1 59
2 42
1 99
2 100
2 86
2 86
1 63
2 95
1 33
1 5
1 49
1 11
1 63
2 79
2 76
1 48
2 39
2 7
1 1
2 75
2 89
1 45
1 4
2 54
1 59
1 11
2 24
2 45
2 5
2 72
1 91
2 88
2 68
2 73
2 22
2 12
2 80
2 60
1 21
1 81
2 31
2 60
2 68
1 13
1 97
1 39
2 93
2 98
2 58
1 4
2 24
1 74
1 66
1 63
1 11
1 62
2 43
2 23
2 22
1 15
2 5
2 41
2 19
1 91
2 17
2 3
1 92
2 47
2 90
1 77
2 3
1 95
1 14
2 82
2 41
2 42
1 15
1 3
1 34
2 94
1 87
1 11
1 25
2 73
1 72
2 1
2 61
1 20
1 37
1 36
2 64
1 29
2 38
1 1
1 70
2 86
2 20
2 3
1 65
1 100
1 70
2 76
2 25
1 69
1 88
2 6
1 38
2 79
2 49
2 71
2 24
1 59
1 12
2 28
2 96
2 7
2 80
2 41
1 17
1 86
1 75
1 37
2 22
1 45
2 43
1 72
2 60
2 82
2 65
2 94
2 35
1 26
1 96
1 63
2 67
2 38
2 27
2 26
2 39
2 41
2 18
1 94
2 20
2 6
1 9
1 99
2 68
1 19
2 43
2 75
2 46
2 69
2 96
1 38
2 92
2 98
2 48
1 59
1 4
2 43
2 52
1 45
1 72
1 89
1 21
1 36
2 77
2 20
2 6
1 61
2 43
2 17
2 45
2 6
2 70
1 5
2 63
2 82
1 86
2 67
1 100
2 79
2 17
1 72
1 29
2 1
2 74
1 38
2 83
1 99
1 57
2 9
2 79
1 40
1 70
2 99
1 70
2 86
1 27
2 92
1 27
1 37
2 26
2 15
2 38
2 95
1 85
1 73
2 93
1 3
2 49
2 13
2 5
2 30
2 63
2 99
1 21
2 15
2 97
1 28
1 21
2 27
1 31
2 2
2 81
1 86
1 45
2 86
2 60
1 17
1 9
1 1
1 49
1 47
1 29
2 4
1 61
2 73
2 26
1 88
2 90
2 52
2 96
1 47
1 61
1 98
1 90
2 54
1 32
1 40
2 40
2 86
2 83
2 97
2 34
2 83
2 56
2 80
1 58
2 54
2 58
2 66
2 47
1 96
2 60
2 12
1 60
2 12
1 94
2 21
2 16
2 26
1 8
2 60
2 44
2 44
1 45
2 88
2 40
1 64
2 47
1 100
2 54
1 15
1 77
2 66
1 41
2 75
1 69
2 31
1 82
2 25
1 28
2 99
1 84
1 50
1 14
1 54
1 31
2 69
1 10
1 54
1 14
2 3
1 85
2 37
1 15
1 100
2 70
2 8
1 47
1 96
2 83
1 37
1 91
1 57
2 20
2 24
1 89
1 30
2 1
2 15
2 59
1 42
1 28
2 82
1 88
2 24
1 16
1 60
1 20
2 96
1 40
2 12
2 75
1 39
1 1
2 3
1 15
2 95
2 38
1 10
2 10
1 85
2 66
1 64
1 88
1 21
1 19
1 4
1 76
1 87
1 37
2 93
1 35
2 26
1 32
1 69
2 24
2 92
2 15
1 45
2 3
2 100
2 50
2 41
1 91
2 19
2 53
2 7
2 60
2 75
2 18
2 3
1 66
2 14
2 68
2 85
1 50
1 5
1 81
2 1
1 89
1 36
1 81
2 77
1 26
2 54
2 7
1 35
1 53
1 76
2 79
1 2
2 72
2 70
2 70
2 99
2 20
2 58
2 71
2 92
1 25
2 25
2 13
1 62
1 76
2 48
2 35
1 38
1 74
1 66
1 67
1 36
1 93
2 45
2 72
1 15
1 35
2 42
2 11
1 22
1 42
2 84
1 89
1 39
1 38
1 9
2 33
2 74
2 86
1 86
1 14
2 27
2 68
1 19
2 33
1 91
2 63
1 59
1 94
2 22
1 73
1 98
2 15
2 17
2 5
2 28
2 19
1 80
2 54
2 69
1 3
2 85
1 48
1 4
1 65
1 66
1 93
2 83
1 17
2 55
2 1
2 51
1 91
1 55
1 5
1 40
2 23
1 4
2 10
1 74
2 60
1 24
2 38
2 16
2 96
2 13
2 57
1 40
2 81
2 57
1 86
2 32
1 28
2 26
1 10
2 89
2 30
2 2
1 80
2 94
2 18
2 27
1 16
2 87
1 81
2 16
2 13
1 38
1 12
1 11
1 68
1 21
2 24
2 40
2 41
2 53
1 97
1 53
2 84
1 42
1 21
1 89
2 56
1 49
2 99
2 95
2 43
2 69
2 98
1 93
2 43
2 69
1 52
1 32
2 12
2 96
2 38
2 36
2 15
2 9
1 10
1 18
2 1
2 98
1 31
1 56
2 93
2 15
2 63
1 85
2 5
2 76
2 39
1 48
1 57
2 14
2 100
1 69
2 64
1 34
2 59
1 22
2 44
1 43
2 38
2 58
1 41
1 90
1 93
2 24
2 30
1 59
2 92
1 47
2 83
2 32
2 15
1 35
2 24
1 28
2 56
1 52
1 70
2 69
1 96
1 8
1 57
2 96
1 48
1 62
1 35
1 37
2 71
1 21
2 37
1 79
1 35
2 94
1 96
1 83
2 15
2 31
1 35
1 12
1 39
2 54
1 37
1 2
1 99
1 59
1 3
2 93
1 14
2 11
1 100
1 38
2 80
2 80
2 15
2 84
2 76
1 91
2 12
2 79
2 11
1 57
2 54
2 37
2 58
1 27
1 58
2 1
2 36
1 76
1 26
1 83
1 21
1 3
2 41
2 82
2 35
1 36
1 6
2 15
1 84
1 34
2 57
1 41
2 42
1 80
2 80
2 33
2 5
2 52
2 99
1 47
2 31
2 36
1 96
2 20
1 100
2 65
1 77
2 78
1 5
1 24
1 54
1 36
2 81
2 21
1 82
1 84
1 39
2 41
2 4
1 55
2 77
2 81
1 85
2 46
1 9
2 52
2 94
2 18
2 97
2 1
1 44
2 52
2 25
1 15
1 14
1 67
2 96
1 43
2 39
2 18
1 87
1 31
1 44
1 93
2 68
1 7
2 38
1 14
2 7
1 95
1 72
1 84
1 51
2 38
1 13
2 29
2 62
2 81
2 25
1 69
1 87
1 90
1 60
1 79
1 15
2 48
2 66
2 35
2 72
1 46
2 37
1 28
2 13
2 82
2 26
1 16
2 57
2 29
1 39
2 25
1 38
2 97
2 89
2 50
1 82
1 72
1 63
1 24
2 41
2 56
2 45
1 8
2 62
1 46
1 73
2 82
2 44
2 27
2 35
2 85
1 92
2 29
1 77
1 67
1 71
1 61
1 74
2 10
2 29
2 44
1 27
1 94
1 27
1 67
2 58
2 42
1 50
2 46
2 2
1 18
2 79
2 91
2 86
1 42
2 80
2 51
2 41
2 36
2 9
2 26
1 43
2 31
2 24
1 7
1 66
1 71
1 93
1 85
2 53
1 82
2 5
1 1
2 69
2 24
2 90
1 20
1 66
1 96
2 6
1 16
1 73
1 10
1 26
1 5
2 47
2 93
1 26
1 5
2 12
2 51
2 94
2 65
2 10
2 40
2 77
2 62
2 40
1 30
1 83
2 20
1 61
2 8
1 55
1 57
1 18
2 25
1 7
2 70
2 66
1 68
1 23
2 50
2 58
1 15
2 43
2 81
1 61
1 95
1 78
1 98
2 98
2 6
1 16
1 53
1 75
2 33
2 69
1 1
1 95
2 75
1 25
1 7
1 21
1 24
1 57
2 94
2 14
1 96
2 55
1 76
1 77
2 27
1 40
2 33
1 73
1 10
2 2
2 39
1 42
1 92
1 65
1 87
2 22
1 80
1 48
2 22
2 72
1 76
2 49
1 97
2 30
2 63
2 10
1 34
2 37
2 81
1 30
2 67
1 33
1 92
1 31
1 10
2 62
1 63
1 61
1 39
2 53
1 30
1 55
2 10
1 61
1 27
1 23
1 75
1 83
1 70
1 10
1 91
1 73
2 77
1 3
2 9
1 70
2 81
1 28
2 94
2 30
2 35
2 49
2 13
2 17
2 67
1 37
1 10
2 98
2 76
1 41
2 15
2 49
1 92
1 17
2 53
2 35
2 56
2 90
2 37
2 24
1 19
2 100
1 50
2 99
1 10
1 78
2 32
1 38
2 80
1 84
1 53
2 90
2 84
2 64
1 44
1 25
2 23
1 74
1 53
2 47
1 51
2 63
1 24
2 52
1 100
2 40
1 76
1 94
2 54
2 100
2 43
1 83
2 59
2 69
1 31
1 82
2 27
2 21
1 47
2 64
2 50
1 89
1 49
2 49
1 62
2 43
2 45
1 83
2 94
2 8
1 96
1 64
1 83
1 3
1 85
1 49
2 24
2 5
2 94
2 90
2 9
1 58
2 93
2 66
1 17
2 96
1 13
2 18
2 99
2 44
1 3
2 92
2 47
2 40
2 86
2 58
1 27
2 81
1 6
2 82
2 84
1 60
1 83
1 32
2 43
2 21
1 95
2 85
1 9
2 37
2 7
2 43
2 65
1 38
2 9
2 96
2 22
1 53
2 26
2 34
1 39
2 87
2 13
2 25
2 84
2 99
2 7
2 50
1 5
1 97
1 34
2 78
1 46
1 7
1 72
2 86
1 49
1 70
1 50
2 90
2 43
2 15
1 19
2 30
1 100
2 38
2 25
1 20
1 72
2 97
2 39
1 60
2 26
1 74
1 34
1 38
2 98
1 48
2 2
2 71
1 28
2 53
2 45
1 18
2 55
2 64
2 28
1 82
2 31
2 15
2 53
2 91
1 28
1 31
1 86
1 2
2 63
2 67
2 6
1 33
2 18
1 37
2 55
2 20
2 29
1 62
2 62
1 7
1 66
2 31
2 38
2 96
2 19
2 83
1 86
1 83
2 33
1 39
2 47
1 76
1 55
2 48
2 35
1 74
2 46
1 71
1 65
2 28
2 49
2 36
2 26
1 51
2 1
2 10
2 62
2 37
2 45
1 97
1 69
2 50
2 16
1 66
1 24
1 100
2 100
2 100
1 50
1 80
2 100
2 90
2 81
1 88
2 72
1 74
1 99
2 55
2 4
1 53
2 12
1 83
2 69
2 90
2 69
1 45
1 36
2 92
2 59
1 50
2 98
2 90
1 89
2 94
1 91
2 88
2 59
1 91
1 36
2 30
1 31
2 80
2 38
1 85
1 11
1 89
2 90
1 65
2 63
1 92
2 86
1 93
2 41
2 78
1 47
1 55
2 83
1 68
2 32
1 16
1 62
1 68
1 46
1 4
2 31
2 37
1 95
2 73
1 71
1 91
2 18
2 95
1 39
1 16
2 91
2 47
1 81
1 28
1 97
2 1
1 92
2 2
2 100
1 99
1 1
1 74
2 44
1 98
1 93
1 13
1 76
2 99
2 4
2 20
2 68
2 19
2 6
2 62
2 51
2 63
1 44
1 66
2 20
1 5
2 31
2 47
1 73
2 67
1 19
1 49
2 24
1 57
2 80
2 74
2 15
1 89
2 2
2 92
1 24
2 90
2 78
2 87
1 34
1 20
1 13
1 45
2 83
2 17
2 4
2 99
1 71
1 45
1 9
1 96
1 72
1 99
2 20
2 56
1 64
1 67
1 80
1 12
2 57
1 2
1 16
1 29
2 41
2 38
1 7
1 20
1 76
1 57
2 94
2 44
2 96
1 51
2 57
2 17
1 82
2 20
2 48
1 80
2 62
1 11
1 39
1 49
2 97
2 62
2 92
1 47
2 78
1 98
2 8
1 59
2 32
2 3
1 47
2 86
1 53
2 80
2 9
2 59
2 54
2 72
1 95
1 52
1 25
2 62
2 64
1 16
1 99
2 10
1 83
1 57
1 11
2 49
2 50
1 21
1 98
1 1
2 2
2 58
1 83
1 29
2 2
1 59
1 66
2 22
1 28
2 53
1 57
2 28
2 90
2 30
1 99
2 49
2 15
2 21
1 92
2 3
1 40
1 26
2 2
1 5
2 97
2 62
2 27
1 56
2 59
1 62
2 2
1 35
1 76
1 74
1 26
1 21
2 7
1 55
1 21
2 20
1 64
2 53
2 39
1 39
2 17
1 40
2 35
2 70
1 54
1 3
1 46
1 10
1 34
1 67
2 75
2 36
2 43
1 17
1 60
2 71
1 41
2 10
2 60
1 62
2 98
1 88
2 38
2 10
2 44
1 1
2 29
2 56
2 99
1 85
2 68
2 23
2 4
2 27
2 93
2 64
2 79
1 74
2 11
1 48
1 49
2 40
1 84
2 20
1 96
1 41
2 2
2 76
2 17
1 53
2 44
1 28
2 57
1 100
2 66
2 70
1 53
2 10
2 43
2 53
1 39
2 66
2 9
2 4
2 57
2 31
1 44
2 53
2 86
1 44
1 91
2 47
2 26
1 57
1 96
2 41
2 7
1 88
1 3
2 99
2 77
1 40
1 16
2 1
2 17
1 14
2 48
2 36
1 17
2 87
1 18
2 84
1 10
1 7
2 73
2 59
2 41
1 93
1 73
2 19
2 87
1 8
1 16
2 36
1 86
2 25
1 45
2 24
2 52
1 20
1 40
1 60
1 88
1 58
2 57
2 95
2 34
1 66
1 75
2 76
1 53
1 76
2 31
1 71
2 54
1 19
2 28
2 24
2 11
2 16
1 94
1 43
1 34
2 57
1 99
2 24
2 34
1 85
1 61
1 41
2 31
1 43
2 25
1 62
1 2
1 42
2 16
2 79
2 92
1 33
2 47
1 18
2 93
1 74
2 23
2 42
1 15
2 2
1 87
1 47
2 48
2 42
2 50
1 96
1 66
2 53
2 75
2 10
1 65
1 46
1 52
1 52
1 28
2 64
2 34
1 61
2 5
1 75
1 2
1 22
2 72
2 26
1 29
1 15
2 18
2 16
1 58
1 91
2 55
2 53
2 50
2 43
2 66
2 89
1 86
1 73
1 1
2 34
1 40
1 5
2 83
2 51
1 1
1 46
1 81
1 13
1 16
1 91
2 83
2 30
2 7
1 41
2 84
1 82
1 56
2 41
1 6
1 38
1 43
2 97
2 20
2 9
1 57
2 34
2 7
2 85
1 34
2 67
2 89
2 95
2 32
2 97
2 74
2 33
2 62
1 88
2 35
1 56
2 54
2 88
1 88
2 79
1 25
2 44
2 52
2 23
2 32
2 5
1 16
2 51
2 18
1 40
1 63
1 96
1 86
2 70
1 28
2 64
2 43
1 15
1 27
2 55
1 71
2 17
2 80
1 81
2 51
1 21
1 86
1 76
2 57
2 89
1 85
1 100
1 99
1 39
2 62
2 100
1 19
1 70
2 64
2 8
2 42
2 40
1 98
1 89
2 78
2 15
2 74
1 46
2 90
1 28
1 18
1 100
2 36
1 25
2 1
1 45
2 59
1 15
2 69
1 29
2 20
1 86
1 38
1 95
1 19
2 77
1 47
1 50
2 71
1 89
2 30
1 71
2 67
2 29
2 98
2 90
2 86
1 61
1 91
1 54
2 94
1 66
2 13
2 83
2 21
2 66
2 93
2 49
1 70
2 7
2 45
2 48
2 41
2 4
1 68
2 92
1 92
1 7
1 97
1 58
1 41
1 11
1 23
2 72
2 88
1 19
2 44
1 40
2 67
1 34
2 97
2 23
1 52
2 49
2 97
2 53
2 35
1 80
1 7
2 29
2 43
2 34
2 51
2 18
2 100
2 23
2 52
2 56
1 60
2 9
1 22
2 39
1 24
2 6
1 67
1 21
1 33
1 76
2 45
1 20
1 56
2 27
1 75
1 41
1 56
2 20
1 28
2 8
2 6
2 18
2 26
1 5
1 42
1 28
2 25
1 80
2 29
2 72
2 69
2 67
1 54
1 39
1 58
2 22
2 37
2 66
1 24
1 78
2 8
1 86
1 11
1 38
2 95
1 9
2 87
2 13
2 22
2 10
2 85
1 74
2 74
2 20
1 78
2 68
1 23
2 100
1 84
1 96
1 70
1 74
2 13
1 55
1 75
2 24
1 21
1 2
2 54
1 23
1 25
2 80
2 83
1 93
2 86
2 46
1 93
2 55
1 97
1 28
1 100
1 14
1 86
1 45
1 42
1 13
2 31
2 43
1 20
2 75
2 97
2 8
2 40
1 43
2 15
1 33
2 22
2 75
2 38
1 11
1 42
2 67
2 65
1 27
1 41
1 67
2 74
1 62
1 84
2 73
2 20
2 98
2 77
1 95
2 39
1 95
2 76
1 74
2 90
1 98
1 31
2 23
1 57
2 67
2 24
2 22
2 52
2 52
2 13
1 55
2 59
1 48
2 79
2 1
1 22
2 53
2 30
2 31
1 10
1 17
2 83
1 31
2 25
2 13
1 38
2 60
1 35
1 5
1 47
1 81
1 43
1 61
2 58
1 26
1 17
2 90
1 55
2 38
2 20
2 55
2 27
1 59
1 63
2 63
1 30
2 32
1 61
1 45
1 36
2 91
2 58
1 37
1 33
2 68
1 88
1 7
2 53
1 58
2 44
1 47
1 43
2 62
2 21
2 55
2 19
2 67
1 8
2 83
1 11
2 54
2 15
2 15
2 55
1 74
1 25
1 95
1 17
1 93
1 8
1 60
1 28
2 7
2 85
2 66
2 46
2 10
1 73
1 77
2 20
2 68
2 47
1 39
2 68
1 68
2 86
2 7
1 41
1 61
2 52
2 54
2 27
2 51
1 22
2 20
2 59
2 39
2 13
1 15
1 97
1 23
1 57
2 75
2 18
2 81
2 14
2 52
2 53
2 97
2 55
2 79
2 67
2 46
2 39
1 67
2 24
1 84
1 30
1 93
1 94
2 35
2 7
1 69
1 43
2 75
1 42
2 6
1 84
1 1
1 5
1 22
1 62
1 99
2 6
2 11
1 57
1 5
1 4
2 66
1 21
1 1
2 26
1 66
1 22
2 17
2 10
1 83
1 24
2 72
1 70
1 2
1 83
1 67
1 66
1 91
1 81
1 95
1 71
2 28
1 93
1 50
1 12
1 92
1 17
1 98
1 25
2 30
1 18
1 56
2 77
1 98
1 66
1 98
2 6
1 84
2 80
2 57
2 55
2 5
1 35
2 61
2 47
2 43
2 57
1 13
1 39
1 96
1 39
2 36
1 21
1 66
1 67
1 92
2 11
2 41
1 38
1 16
2 71
1 38
1 18
1 15
2 4
2 76
2 44
1 91
1 4
2 79
2 74
2 90
1 89
1 86
2 95
2 91
1 57
1 53
1 21
2 26
2 79
2 63
2 39
1 48
1 40
2 70
2 100
1 97
1 44
2 67
2 87
1 90
1 22
2 60
2 93
1 41
2 94
2 78
1 29
2 68
1 100
2 92
2 65
1 86
1 34
1 80
1 88
1 82
2 58
1 87
2 34
1 73
2 31
1 50
2 18
2 76
2 60
2 17
1 98
2 47
1 40
2 20
2 8
2 25
1 32
2 8
2 5
1 45
2 3
2 19
1 11
2 28
2 93
2 90
2 89
2 9
1 43
2 23
2 56
1 7
2 84
2 91
2 55
1 36
2 79
2 29
1 64
2 93
2 84
2 39
2 20
2 68
1 86
1 24
2 34
2 5
1 85
1 76
1 78
2 8
2 42
1 2
1 77
2 76
2 9
2 41
1 88
2 91
1 10
1 38
2 66
1 62
2 98
2 14
1 44
1 8
1 97
1 74
2 68
2 84
1 24
2 37
2 47
1 28
1 71
2 20
1 46
1 67
1 67
2 62
2 51
2 38
1 69
2 73
1 55
1 42
1 63
1 61
1 69
2 36
1 42
1 51
1 14
1 76
2 69
2 35
1 94
1 21
2 2
1 24
2 68
1 9
2 1
1 41
2 38
2 33
2 72
1 48
2 70
1 40
1 71
1 13
1 66
2 1
2 100
2 85
1 84
2 69
2 5
1 30
2 5
1 98
2 84
1 78
1 24
2 32
1 34
2 84
2 39
1 93
2 7
1 70
1 3
2 15
1 31
2 99
2 73
1 74
1 68
2 4
2 94
1 48
2 50
2 43
1 30
2 40
1 66
1 16
2 72
1 33
1 94
1 82
1 72
1 37
1 44
2 79
2 12
1 30
1 36
1 7
1 16
1 24
1 59
1 14
2 86
1 12
2 13
1 93
2 21
1 6
2 17
2 18
2 82
1 7
1 64
2 56
1 16
1 36
1 21
2 71
1 4
1 64
2 18
1 48
1 26
2 80
2 3
1 83
1 66
2 76
1 52
1 15
2 25
2 95
1 43
1 93
2 53
1 46
2 30
1 51
2 96
1 59
2 71
2 81
2 15
1 20
2 59
1 68
1 32
1 19
1 42
1 88
1 65
2 47
2 87
1 16
1 2
1 95
1 48
1 61
1 91
2 72
2 74
2 50
2 77
1 85
1 34
2 66
2 55
1 25
2 31
1 90
2 16
1 42
1 3
1 80
1 95
2 39
1 42
2 58
2 35
2 94
2 53
2 32
1 100
2 22
1 89
1 37
1 58
1 6
2 15
2 92
1 81
1 30
1 40
1 6
1 15
2 78
1 14
2 5
1 99
2 39
2 23
2 20
2 20
2 64
2 6
1 38
2 61
1 83
2 60
1 99
1 3
2 43
1 36
2 97
1 47
1 83
1 22
2 4
1 85
1 55
1 23
2 48
1 72
1 86
2 12
2 78
2 95
2 16
1 62
1 63
2 75
1 78
1 57
2 62
2 41
2 49
1 12
2 71
1 68
1 62
2 27
2 39
1 92
2 51
2 36
2 29
2 42
2 92
1 9
2 19
2 20
1 65
2 58
1 7
2 79
1 54
1 48
1 88
1 97
2 78
1 31
2 82
1 77
2 63
2 35
1 93
1 53
2 15
2 87
2 84
1 18
1 29
1 98
2 37
1 95
1 33
1 83
1 77
2 11
2 92
1 29
2 52
1 20
1 29
1 40
2 95
2 7
2 55
1 60
1 47
2 40
1 41
1 91
2 81
1 18
1 6
1 71
1 80
2 32
2 21
1 52
2 90
1 47
1 57
1 72
2 99
1 63
2 97
1 58
2 55
2 5
1 18
2 3
2 83
2 31
1 6
2 60
2 79
2 45
1 16
2 95
1 80
1 59
1 70
2 74
1 39
2 69
1 70
1 33
2 16
2 67
1 41
2 88
2 61
2 84
1 63
2 35
2 53
2 26
2 3
2 19
1 26
1 83
1 67
1 13
2 6
1 53
2 41
2 16
1 34
2 78
1 38
1 29
2 23
2 17
2 88
2 10
2 68
2 13
2 27
2 93
2 38
1 92
2 35
2 48
1 75
2 81
1 90
2 66
1 62
2 34
2 60
2 56
1 31
2 86
2 33
2 9
1 8
2 17
2 88
2 92
1 9
2 58
1 95
1 97
1 92
1 62
1 28
2 96
1 86
1 3
1 95
1 85
2 42
2 74
1 36
1 57
1 3
1 81
1 2
2 67
2 28
1 81
1 61
2 72
1 49
1 42
2 97
2 77
1 16
1 60
2 12
2 42
2 24
1 97
2 72
2 10
2 12
2 59
2 73
2 74
2 83
1 94
1 59
2 27
2 61
2 78
1 16
1 5
2 66
1 49
2 9
2 2
2 13
2 22
1 43
2 83
2 84
2 8
2 82
1 16
2 40
1 47
2 79
1 16
2 31
1 49
2 50
2 75
2 63
1 23
1 79
1 53
2 45
2 31
2 73
2 51
1 24
2 89
1 92
1 2
1 47
2 23
2 85
2 53
2 62
2 44
2 10
1 76
2 11
1 27
1 61
2 2
1 41
2 92
2 79
2 34
2 9
2 26
2 17
1 58
2 87
2 49
2 86
2 56
2 12
1 57
2 41
2 76
1 47
1 42
1 74
1 44
2 34
2 8
1 38
2 36
2 100
1 9
1 59
2 14
1 84
1 89
2 30
2 69
1 78
2 29
1 38
1 19
1 58
1 11
2 30
1 89
2 20
2 12
2 89
1 6
1 38
1 8
2 51
1 5
1 49
2 27
2 89
2 42
1 8
2 57
1 18
2 61
2 54
1 83
1 19
1 35
2 58
1 69
1 55
2 52
1 37
1 93
1 64
1 63
2 28
2 57
1 36
1 89
1 72
1 79
1 59
1 98
2 42
2 37
2 48
1 71
1 74
2 41
2 69
2 91
2 66
1 8
1 53
1 32
1 4
2 27
2 79
1 22
1 97
2 31
2 65
1 52
2 19
1 30
2 22
1 49
2 93
1 78
1 30
2 95
1 9
2 33
1 31
2 81
1 94
1 36
1 20
2 20
1 41
2 2
2 22
2 31
1 10
1 41
1 22
2 52
1 38
1 75
2 62
2 93
2 99
1 93
2 74
2 62
2 19
1 87
2 60
1 82
1 76
1 86
1 67
1 23
2 55
2 39
2 27
1 30
2 96
1 21
1 45
1 83
2 55
2 50
2 87
1 60
1 36
1 82
2 81
2 66
2 63
2 60
1 39
2 66
2 100
1 16
1 94
1 86
1 18
1 44
2 4
1 2
1 59
1 38
1 41
1 37
2 1
2 58
1 94
2 1
2 77
1 11
1 44
1 8
2 93
1 40
1 1
1 73
1 66
1 49
1 69
2 62
2 40
1 64
1 74
2 73
1 61
2 33
2 80
2 35
2 33
1 28
1 17
2 98
2 43
1 70
2 20
2 30
1 22
1 23
1 1
1 49
1 93
2 96
2 44
1 92
2 32
1 28
1 80
1 79
1 24
1 7
2 13
2 90
1 57
2 22
2 87
1 57
2 85
2 86
2 20
2 92
2 27
2 7
2 58
2 56
2 12
2 93
1 44
2 76
1 90
1 85
1 23
1 16
2 6
2 66
1 17
1 60
1 54
2 8
2 29
2 59
2 50
2 58
2 13
1 47
1 21
1 20
2 57
1 28
1 16
1 84
1 37
2 12
2 40
2 84
2 36
1 17
1 4
1 90
1 53
2 57
2 55
1 53
2 60
1 35
1 77
1 69
2 26
1 71
2 12
2 69
2 59
1 50
2 14
2 92
2 91
1 56
1 71
2 46
1 34
2 61
2 74
1 76
2 70
2 75
2 43
1 62
2 83
2 62
2 5
2 100
1 52
1 89
2 100
1 97
1 63
1 27
2 49
1 96
2 61
2 81
1 55
1 95
1 94
1 40
1 33
1 53
1 36
2 90
2 11
1 19
1 35
1 7
1 22
2 32
1 11
2 67
1 73
2 22
2 67
2 85
1 45
1 4
1 75
2 53
1 1
1 88
1 62
1 24
1 66
2 86
1 80
2 47
2 40
1 94
1 1
1 98
2 40
2 8
1 64
2 16
1 77
1 78
2 86
2 93
2 4
1 49
1 73
1 2
2 59
2 87
2 76
1 11
2 34
1 83
1 72
1 8
1 92
1 56
1 61
2 24
2 46
1 84
1 5
2 28
2 12
1 41
2 48
1 84
1 93
1 77
2 13
1 91
2 29
1 94
2 61
1 42
1 59
2 4
2 48
1 47
2 5
1 18
2 41
1 65
2 47
1 30
2 21
2 53
1 40
2 57
2 27
2 44
2 69
2 71
2 59
2 49
2 47
2 15
2 66
2 55
2 44
2 100
2 56
2 92
2 80
1 90
2 95
2 49
1 87
1 23
1 92
1 84
1 27
1 7
2 24
1 43
2 53
2 81
1 87
1 45
1 70
1 82
1 7
2 29
1 84
2 87
1 97
1 38
1 57
1 97
1 29
2 26
1 1
2 40
2 92
1 26
1 76
2 12
2 24
1 74
1 86
2 90
2 95
1 37
2 2
1 10
1 9
1 85
2 31
1 5
1 15
1 33
1 76
2 97
2 81
1 69
1 67
2 35
1 26
1 8
2 74
1 61
1 14
1 86
2 47
2 71
1 25
1 62
2 19
1 53
1 82
2 6
1 36
1 85
1 34
2 55
2 68
1 37
2 23
2 24
2 47
1 98
1 88
1 81
2 50
1 34
1 48
1 48
2 60
1 56
1 4
1 69
2 83
1 60
2 44
1 94
2 70
1 25
1 38
2 70
1 44
1 24
1 11
1 96
2 44
1 9
1 63
1 62
1 39
2 82
2 20
1 47
1 51
1 51
1 48
2 3
1 10
2 6
2 43
2 37
2 6
1 8
2 84
2 63
2 93
1 70
1 90
1 63
1 86
2 29
1 87
1 16
1 72
1 98
1 39
2 42
2 100
1 80
1 47
2 53
1 51
1 60
1 8
1 74
1 77
1 19
1 20
1 23
2 70
2 96
1 24
1 58
2 45
2 57
2 73
1 51
2 88
1 96
1 12
2 37
1 33
1 100
1 3
2 64
2 44
1 32
1 37
1 33
2 63
2 90
1 28
1 2
1 85
1 44
1 91
1 14
2 24
1 7
2 37
1 4
2 20
2 18
1 75
1 17
1 97
1 64
2 18
1 44
1 47
2 44
2 49
1 74
2 65
2 77
2 99
2 72
2 61
1 29
2 43
2 80
1 21
2 94
2 19
1 23
2 80
1 13
2 17
1 33
2 84
2 23
1 67
1 74
2 55
2 44
1 41
1 21
2 7
2 47
2 17
2 65
2 25
1 57
1 14
1 52
2 45
1 80
1 93
2 59
2 11
1 47
1 75
1 93
1 60
1 98
1 88
2 93
2 61
2 52
1 97
1 87
1 19
1 85
2 83
2 71
2 99
1 77
1 43
1 1
1 95
2 78
2 37
2 47
1 76
2 61
1 46
1 98
2 39
2 47
1 10
1 93
1 28
2 94
2 38
2 10
1 59
1 56
1 90
1 73
1 86
1 19
2 35
1 44
1 1
1 80
2 55
1 3
1 66
2 94
2 95
1 17
2 24
1 50
1 53
1 60
1 80
1 2
1 67
1 35
2 53
1 2
1 63
2 28
2 52
1 76
2 31
2 80
1 96
1 30
1 69
1 48
2 34
2 94
2 51
1 61
2 86
1 52
1 97
2 9
2 94
2 16
2 39
1 58
1 92
1 43
2 18
2 59
1 74
1 54
1 61
1 89
2 81
2 56
2 89
2 90
1 75
1 97
2 33
2 9
2 13
1 36
2 11
2 41
2 41
2 13
1 65
1 82
2 13
1 72
1 55
2 99
1 91
1 83
2 21
1 93
1 38
2 44
1 76
2 46
1 30
2 60
2 25
2 33
2 72
2 81
2 75
2 27
1 40
2 11
1 87
1 46
1 89
2 53
2 83
1 33
2 41
2 34
2 97
1 63
1 73
2 49
1 3
2 17
2 64
1 100
1 60
2 83
1 78
2 22
1 43
2 15
2 93
2 93
1 5
2 66
2 53
2 13
1 97
2 70
2 90
1 41
1 29
1 29
1 61
2 39
2 11
1 41
2 41
2 81
1 36
2 25
1 16
1 36
1 69
2 58
1 72
2 58
1 20
1 20
1 22
1 14
2 96
1 28
1 70
2 28
2 2
2 42
1 47
2 57
2 83
1 29
1 64
1 56
1 25
2 67
2 19
1 49
2 4
1 60
1 78
1 18
1 31
2 5
2 88
2 18
1 19
2 82
2 58
2 96
1 92
2 32
2 34
1 39
2 75
2 46
2 7
1 56
2 82
2 19
2 44
2 27
2 23
1 30
2 32
2 5
2 73
2 55
2 80
1 73
1 35
1 79
2 45
1 96
2 100
2 90
2 63
2 43
1 92
2 40
1 92
1 44
2 65
2 18
1 56
1 94
1 88
2 5
1 7
1 57
2 90
2 29
2 10
2 58
2 41
1 11
1 74
2 88
1 45
2 57
1 86
2 20
1 74
2 44
1 33
2 25
1 26
2 10
1 46
1 8
1 89
1 42
2 90
2 14
1 30
1 51
2 94
1 73
2 43
1 18
1 69
2 39
1 76
1 73
2 62
2 35
1 27
1 87
2 88
2 63
1 49
1 28
2 54
2 51
2 91
1 32
2 98
1 38
1 12
2 30
1 44
1 80
1 75
2 88
2 86
1 100
1 75
1 62
2 70
2 54
1 53
1 45
2 44
1 46
1 48
2 60
2 20
1 40
2 95
1 38
1 94
1 98
1 40
1 53
2 67
1 84
2 72
1 94
1 40
2 14
1 84
1 58
1 73
1 98
2 18
2 91
2 2
2 29
1 42
2 26
2 97
1 59
1 76
1 75
1 43
1 69
1 87
2 13
1 42
2 2
2 32
2 57
1 46
2 78
1 40
2 92
2 84
2 76
1 65
1 58
1 62
2 67
1 29
1 8
1 89
2 47
2 71
2 9
1 55
2 11
2 48
2 34
2 49
2 69
2 82
2 57
1 12
2 72
2 56
2 17
2 17
2 40
2 78
2 16
2 44
1 62
2 37
2 40
2 80
1 23
2 7
2 8
2 44
2 62
2 10
2 4
1 9
1 42
2 9
1 13
2 69
1 10
2 100
2 74
1 84
1 10
1 38
2 51
2 20
2 34
2 25
1 3
1 52
1 45
2 40
2 16
2 88
1 55
1 42
1 11
2 44
1 96
2 72
1 89
1 75
2 86
2 38
1 59
2 4
2 39
1 2
2 85
2 4
2 94
1 16
1 83
1 25
1 8
2 99
2 99
1 14
2 13
2 99
1 26
2 43
1 24
1 5
2 16
2 31
1 87
2 81
1 7
1 92
1 41
1 23
2 25
1 26
1 34
2 20
2 66
1 72
2 90
2 14
2 33
2 94
2 12
1 39
1 49
1 93
2 97
2 80
1 26
2 9
2 73
1 58
1 78
2 23
2 26
2 92
1 33
2 90
1 77
2 99
1 48
1 75
2 42
2 55
2 45
1 38
1 17
2 5
1 83
2 85
2 71
2 95
2 20
1 93
1 86
2 58
1 4
2 23
1 53
1 32
1 32
1 18
1 65
1 4
1 61
2 5
2 99
2 86
2 91
2 42
2 78
2 11
2 4
2 69
2 64
1 75
1 44
1 70
1 94
1 79
1 60
1 28
1 31
2 67
2 13
2 56
1 81
2 30
2 88
2 57
2 90
1 7
2 46
2 6
2 3
1 54
2 17
2 77
1 4
2 16
2 7
2 40
2 99
2 71
1 39
1 76
1 42
2 100
1 84
2 67
2 65
1 7
1 37
2 58
2 85
1 84
2 15
1 86
2 52
1 51
1 3
2 56
2 32
1 34
2 29
1 16
2 63
2 60
2 31
1 52
1 43
2 75
1 62
2 16
2 37
2 96
2 43
2 11
2 93
2 64
1 57
2 46
2 77
1 63
1 70
2 24
1 31
2 46
1 4
2 11
1 59
1 35
1 84
2 51
1 65
1 25
2 63
2 49
2 89
2 31
1 24
1 75
2 83
2 44
1 30
2 61
2 47
1 7
2 78
1 91
2 11
2 78
2 83
1 51
1 61
1 75
1 36
1 81
1 48
1 55
1 18
2 30
1 32
2 12
1 82
1 19
1 66
2 85
1 2
2 58
1 20
2 17
1 88
2 38
1 18
1 13
2 36
1 62
2 23
1 52
2 64
1 54
2 64
1 16
2 98
1 41
1 90
2 85
2 96
1 69
2 24
2 12
1 96
2 63
2 45
2 88
1 32
1 30
2 71
1 7
2 5
2 93
2 57
2 9
2 46
2 80
2 80
1 24
2 97
2 84
2 64
1 28
2 91
2 65
2 86
1 79
1 35
2 36
2 84
2 11
1 84
2 77
2 56
1 37
1 41
1 23
2 3
1 64
1 41
2 12
2 31
2 32
2 38
2 100
1 94
2 25
2 54
1 99
1 29
2 23
1 10
1 46
1 53
2 59
2 10
1 10
2 37
1 33
2 17
1 23
1 77
2 92
2 4
2 91
1 82
2 57
2 67
2 88
2 41
1 48
2 58
1 75
2 76
1 47
1 81
1 9
2 32
1 57
1 91
2 63
1 16
1 74
2 95
2 85
2 93
1 61
1 78
2 30
1 66
1 98
2 57
1 14
2 34
1 15
1 86
1 82
1 55
2 72
2 30
1 50
1 93
1 72
1 27
2 79
1 87
2 36
2 16
2 85
1 50
1 12
2 68
1 17
2 69
1 48
2 61
1 14
1 97
1 24
2 100
2 96
2 96
1 10
2 38
1 79
2 91
2 10
2 40
1 59
2 27
1 20
1 35
1 80
1 79
2 54
1 9
1 94
1 67
1 29
2 72
1 2
1 73
2 75
2 49
1 6
1 78
1 60
2 86
2 26
1 4
1 83
1 90
1 96
2 75
1 78
1 31
2 99
2 95
2 42
2 85
1 53
2 27
2 54
2 46
2 60
2 65
1 81
1 95
1 25
1 79
2 53
2 10
1 5
2 80
2 64
2 78
1 35
2 80
1 24
2 78
2 7
1 54
2 82
1 79
2 20
1 5
2 20
2 6
2 90
2 26
1 72
2 97
1 88
2 46
1 15
2 65
2 68
2 38
2 45
2 49
1 84
2 2
2 34
2 55
1 54
2 83
2 20
2 29
1 29
1 48
2 97
2 69
2 5
1 52
2 34
1 89
1 44
1 71
1 48
2 43
2 8
1 18
1 16
2 56
1 13
1 46
2 48
2 30
2 28
1 23
1 12
2 44
2 84
1 62
1 59
1 81
2 61
1 94
2 25
2 78
1 7
2 42
2 7
1 80
1 60
1 74
2 81
1 8
1 67
1 22
2 10
2 69
1 8
2 94
2 37
2 64
2 20
1 2
2 9
2 44
1 18
1 40
1 31
2 72
2 91
1 16
2 95
1 18
2 9
1 85
2 92
1 59
2 30
2 99
2 64
1 90
1 90
2 83
1 100
1 67
1 70
1 81
2 4
2 68
2 82
2 53
1 91
2 45
2 68
2 44
2 52
2 82
2 59
2 53
1 41
1 40
1 28
1 58
1 39
1 89
2 39
1 12
2 81
2 28
2 16
1 88
1 28
2 66
2 60
1 19
1 78
2 13
2 18
1 73
2 26
1 63
2 82
2 54
2 20
1 91
1 76
2 77
2 54
1 72
1 45
1 77
1 57
2 52
2 58
1 60
2 15
2 31
1 21
1 16
1 97
1 65
2 43
1 84
1 44
1 74
1 52
2 51
1 1
1 34
1 23
1 36
1 96
1 18
1 3
2 25
1 8
2 69
2 15
1 34
1 66
2 46
1 33
2 49
2 50
2 44
1 23
1 20
1 79
2 69
2 27
1 91
2 89
1 41
2 13
2 8
1 63
2 24
2 85
1 89
1 45
2 48
1 92
2 82
2 91
1 73
1 38
2 34
2 4
1 94
1 84
2 82
2 40
1 19
1 47
2 24
1 39
2 97
1 61
1 65
2 53
2 56
2 3
2 91
1 67
2 97
1 68
1 66
1 57
2 97
2 5
2 80
1 69
1 66
2 61
1 100
1 99
2 55
2 93
1 20
2 16
1 7
1 53
1 8
2 73
1 83
2 90
2 45
2 18
1 23
1 100
2 46
2 25
1 48
1 61
1 100
1 3
2 82
1 44
1 73
1 51
1 17
1 35
1 4
1 20
2 47
1 50
2 73
2 69
1 51
1 55
2 28
1 69
1 14
1 23
1 51
1 57
1 78
1 73
2 30
2 87
1 67
1 66
1 62
2 29
1 6
2 99
1 100
1 80
1 17
1 42
1 39
2 77
1 93
1 12
2 48
2 27
1 40
2 42
1 91
2 28
1 53
1 83
2 18
2 83
2 20
1 65
2 48
1 94
1 87
2 71
2 75
1 92
2 40
1 60
2 97
1 37
1 62
2 24
2 37
1 90
1 63
2 4
2 18
2 54
2 23
1 18
1 80
1 41
2 1
1 99
1 63
2 35
2 84
2 12
2 28
1 73
2 25
2 78
2 97
2 41
1 25
2 13
1 77
1 68
2 82
1 63
2 100
1 56
2 23
1 52
2 41
2 89
2 99
1 81
2 10
2 93
2 89
2 44
1 26
2 70
2 9
2 16
2 79
1 16
1 16
1 71
1 77
1 21
2 75
2 69
1 68
1 68
1 41
2 21
1 94
2 91
1 47
2 6
2 56
2 40
1 5
1 42
2 74
2 71
1 36
1 58
1 75
2 82
2 85
1 17
1 62
2 92
2 46
1 7
2 57
1 87
1 54
2 26
1 72
1 31
1 23
1 26
1 24
2 89
2 41
2 40
2 59
2 11
2 73
2 96
1 18
2 29
2 5
1 42
2 19
1 80
1 98
2 37
1 32
1 38
2 61
1 63
1 57
2 26
2 11
2 93
2 73
1 92
1 58
1 9
2 87
1 66
1 99
1 30
2 61
2 16
2 8
2 38
1 90
2 80
1 78
2 67
1 50
1 77
1 95
2 67
1 55
2 19
1 90
1 10
2 5
1 80
1 15
2 67
2 6
1 8
1 6
1 73
2 43
1 29
2 77
1 88
2 30
2 81
2 35
2 63
2 45
2 55
1 73
2 21
2 78
2 73
1 28
2 71
2 32
1 95
2 77
2 45
1 25
2 43
2 97
1 65
1 67
2 3
1 48
2 99
2 21
2 71
2 43
1 67
1 52
2 59
2 95
2 12
2 24
1 78
2 4
1 19
1 27
2 51
2 38
1 100
1 13
2 76
1 30
2 52
1 44
2 15
2 78
2 49
2 18
2 37
2 76
2 55
1 31
2 11
2 48
2 94
1 25
1 70
1 62
2 48
2 11
2 23
1 31
2 27
1 40
2 98
1 83
2 53
2 11
1 45
1 34
2 68
2 77
2 87
2 46
1 67
1 74
1 62
1 12
1 4
1 54
1 99
2 77
1 34
1 81
2 5
2 59
2 76
1 41
2 87
1 5
1 48
1 56
2 9
2 64
1 12
1 87
1 39
1 63
1 64
1 76
1 30
1 36
2 32
2 74
2 71
2 78
2 91
2 1
1 40
1 9
1 69
1 79
1 45
1 73
2 36
1 11
1 77
1 3
1 80
1 52
1 24
2 49
2 66
2 11
2 17
1 44
2 3
1 98
2 16
1 16
2 37
2 95
2 63
1 64
1 54
2 30
1 45
2 96
2 41
2 25
1 66
2 34
1 91
2 43
1 88
2 34
2 55
2 44
2 83
2 16
2 15
1 27
1 37
2 72
1 8
1 56
2 60
2 31
2 77
1 40
1 84
2 5
1 44
1 97
1 48
2 65
1 93
1 61
2 45
2 41
1 45
1 65
1 19
2 94
2 49
2 1
1 4
1 49
2 91
1 20
2 87
2 20
2 18
1 96
2 73
2 81
2 36
1 34
2 61
2 67
2 58
2 21
1 52
2 86
1 99
1 86
2 27
1 71
2 78
2 46
2 59
1 21
1 23
1 1
1 5
1 97
1 34
1 25
1 40
2 89
1 84
2 53
2 57
2 80
2 76
1 90
1 15
2 1
2 52
2 47
1 40
2 1
2 90
1 94
2 97
1 93
2 61
1 60
2 12
2 61
1 66
2 35
2 78
2 96
2 78
1 32
1 87
1 3
2 84
1 63
2 17
1 74
2 43
1 12
2 66
2 3
2 44
2 82
2 39
1 52
1 70
1 53
1 88
1 43
1 84
1 74
1 40
2 19
1 69
1 53
1 84
2 21
2 4
1 87
2 23
1 30
2 59
2 6
2 37
1 87
2 74
1 97
2 25
1 67
2 42
2 92
2 80
1 78
1 53
2 92
2 87
2 10
1 91
1 84
1 74
1 41
1 98
2 91
2 5
1 23
1 39
1 98
1 58
2 29
2 3
2 1
2 28
2 83
1 54
1 31
2 83
1 21
2 54
2 83
1 73
1 45
1 76
1 36
2 86
2 93
1 3
2 92
2 35
2 84
1 39
2 82
1 83
1 65
1 9
2 48
2 83
1 37
1 46
2 3
1 6
1 42
1 24
2 85
1 2
1 17
1 25
1 54
2 37
1 36
2 26
2 5
2 72
1 45
1 99
1 18
2 47
2 59
1 27
1 11
1 93
1 71
1 41
1 77
1 97
2 48
1 3
1 68
1 7
1 63
2 47
2 99
2 22
1 55
1 30
2 9
2 21
2 50
2 54
2 77
1 71
2 94
2 26
2 18
2 55
2 55
1 13
1 12
1 68
2 2
2 99
2 85
1 7
2 21
1 18
2 44
1 2
2 61
1 84
1 98
2 31
2 6
1 59
1 93
1 79
2 37
2 46
2 3
1 60
2 47
2 60
1 55
1 63
1 62
2 96
2 60
1 40
1 61
2 49
2 49
2 48
2 89
1 82
1 22
2 58
2 4
2 72
2 45
2 68
1 94
1 50
2 87
2 74
1 73
2 93
1 7
2 36
1 13
2 74
2 2
1 89
2 81
1 38
1 27
2 30
1 26
2 94
2 30
1 49
2 6
1 69
2 78
1 80
1 99
1 40
2 39
2 80
2 75
2 98
1 5
2 73
2 58
2 78
1 60
1 74
2 24
2 16
1 44
1 32
2 26
2 57
1 51
1 78
2 59
2 2
1 51
1 19
1 42
2 57
1 78
1 61
2 49
1 72
1 18
2 18
2 4
1 45
2 48
1 77
2 72
2 11
1 44
1 77
1 51
1 88
1 71
1 17
2 5
2 83
1 37
1 44
1 68
1 50
1 47
1 42
1 37
1 59
1 45
2 82
2 22
2 90
2 54
1 99
2 42
1 51
2 14
2 81
2 11
1 14
2 38
2 89
1 49
2 20
2 62
2 36
2 38
2 25
2 28
1 68
2 87
2 88
2 47
2 43
1 27
1 20
1 71
2 40
2 84
2 83
1 79
2 99
2 36
2 72
2 99
1 73
1 43
1 44
1 43
2 17
1 81
2 9
2 53
2 37
1 47
2 48
1 18
1 10
1 58
2 7
1 49
2 42
1 52
1 33
2 95
2 6
1 62
1 97
1 5
1 40
2 44
1 31
1 84
1 97
1 47
2 8
1 93
1 24
2 56
2 65
1 53
1 5
2 46
1 19
2 96
1 91
1 48
2 92
1 44
1 92
1 28
2 46
1 14
1 44
1 7
1 66
2 56
2 9
2 78
1 89
2 32
1 55
2 17
2 34
2 13
2 70
2 64
2 73
1 99
1 86
1 17
2 99
2 57
2 31
1 97
1 2
1 21
2 94
2 97
2 66
1 36
1 17
1 28
1 26
1 50
1 16
1 95
1 86
2 5
2 23
1 6
2 98
1 73
2 49
1 34
2 11
1 26
2 71
1 21
2 17
1 60
1 36
1 2
2 57
2 29
1 95
1 63
1 84
2 50
2 83
1 40
2 58
2 7
1 16
1 6
1 27
2 69
2 63
2 97
2 54
2 58
2 57
1 71
1 16
1 2
1 57
2 77
2 31
2 46
2 78
1 32
2 8
1 75
1 80
1 8
1 88
2 13
1 37
1 77
1 60
2 16
1 1
2 28
2 77
2 89
2 95
2 37
1 62
2 88
2 34
1 80
1 88
1 64
2 11
1 13
2 69
1 52
1 97
1 74
1 1
2 33
2 24
2 89
2 53
1 50
1 29
1 80
1 20
1 100
2 55
1 12
2 39
2 60
1 94
2 10
2 85
2 64
1 87
1 49
1 66
2 42
1 4
1 25
1 42
2 15
2 92
2 28
1 71
2 2
2 76
1 75
2 75
2 64
1 60
2 31
2 59
2 95
1 82
1 83
1 65
2 82
1 8
1 15
1 26
1 27
2 41
1 37
1 76
1 21
1 88
1 95
1 66
1 11
1 7
2 11
2 37
2 30
2 41
1 92
2 4
1 65
1 41
2 64
1 16
1 17
2 1
1 74
1 25
2 20
1 24
2 60
1 88
2 48
2 36
1 41
1 7
1 35
2 50
1 60
2 30
1 39
2 10
1 39
2 61
2 25
1 37
1 2
1 43
2 19
2 11
2 37
1 81
1 13
2 66
1 95
2 53
1 92
1 95
1 83
2 12
1 22
1 45
2 70
2 61
1 68
2 30
2 85
1 80
1 21
1 18
2 53
1 13
1 86
1 55
1 3
1 20
1 12
2 25
1 47
2 75
2 41
2 70
1 50
2 85
2 35
2 22
1 80
2 78
1 44
1 95
2 25
1 28
1 15
1 34
2 50
1 65
2 39
2 63
1 88
1 25
2 58
2 56
2 90
1 89
1 44
2 94
1 13
1 37
2 40
2 91
2 71
1 95
2 93
1 67
2 30
1 80
1 76
2 75
2 37
2 75
1 3
2 94
1 62
1 69
2 13
1 19
1 20
2 67
1 12
2 26
1 63
1 87
2 86
1 79
2 7
1 73
1 87
1 35
1 99
2 55
1 62
2 10
2 14
2 93
2 76
2 3
1 91
1 50
2 70
2 68
1 63
2 51
1 77
2 12
1 87
2 90
2 98
2 70
1 60
1 99
2 80
1 45
1 3
2 9
2 20
1 12
2 18
1 39
1 72
2 91
1 51
1 86
1 47
2 46
2 89
1 57
2 33
1 73
2 62
2 17
1 58
1 24
1 48
1 60
1 52
1 67
2 67
2 26
1 92
2 84
1 13
2 34
1 34
2 55
2 88
1 5
1 75
1 12
2 8
1 1
1 13
2 59
2 84
1 81
2 64
2 39
2 82
2 15
1 10
2 8
2 9
2 43
1 8
2 2
1 12
2 85
2 31
1 99
2 30
1 68
2 28
2 92
1 70
2 52
2 21
1 49
1 2
2 13
2 51
2 61
2 71
2 32
2 46
1 85
1 60
1 31
2 23
2 63
1 85
2 34
2 96
2 44
2 74
2 62
1 54
1 4
2 25
1 3
2 17
1 90
1 57
1 69
2 94
2 49
1 94
2 31
1 95
2 73
2 32
1 66
1 68
2 83
2 15
2 36
2 36
1 90
1 4
1 66
2 17
1 73
2 5
1 96
1 26
2 3
2 38
1 92
2 39
2 77
1 11
1 9
2 9
1 24
2 75
1 96
2 13
1 6
2 98
1 83
1 67
1 67
1 97
2 34
1 39
1 2
2 54
2 50
2 85
1 47
2 39
1 36
1 87
1 1
2 14
2 4
2 38
2 70
2 26
2 1
2 56
1 55
2 38
1 86
2 7
1 25
1 46
2 1
1 14
1 40
1 80
1 73
1 54
1 66
2 2
1 94
2 63
1 3
2 10
2 98
1 17
2 92
2 16
1 27
2 84
2 13
1 90
2 69
2 26
1 87
1 21
2 60
1 95
2 64
1 81
1 25
1 7
2 21
2 8
1 47
1 64
1 30
1 37
1 25
1 57
2 10
1 20
1 62
1 49
1 10
1 2
2 79
2 63
1 63
1 39
1 92
1 51
1 47
1 94
1 3
1 8
1 82
1 43
1 77
2 60
2 33
1 88
1 37
2 73
2 28
1 59
2 9
1 32
1 50
1 43
1 68
1 64
1 31
2 34
2 67
2 33
1 65
2 83
2 6
1 57
2 89
1 22
1 61
1 97
1 47
1 22
2 5
2 47
1 22
2 81
1 76
1 25
2 15
1 23
2 14
1 35
1 90
1 17
1 92
1 30
1 77
2 70
1 28
2 62
1 91
1 14
2 33
2 74
1 26
2 82
2 97
1 22
1 56
1 50
1 9
1 67
1 94
1 8
1 49
2 36
2 11
2 4
2 39
1 10
1 58
1 8
1 21
1 44
2 90
1 80
1 82
1 22
1 17
1 83
2 41
2 41
1 83
2 66
2 71
2 24
2 56
1 4
2 39
2 46
2 72
2 92
2 41
2 74
1 52
2 13
1 73
2 43
2 41
2 5
2 99
2 88
1 50
1 52
2 91
2 65
2 88
1 69
1 20
2 29
2 71
2 62
2 71
1 61
1 96
1 57
2 66
2 79
1 1
2 7
1 34
2 95
2 76
2 13
1 99
2 10
1 99
1 92
1 18
2 40
2 43
1 15
1 63
1 25
1 34
2 84
1 54
1 41
2 100
1 28
2 12
1 52
1 19
1 77
1 28
1 33
1 55
1 62
1 4
2 46
2 81
2 94
1 46
1 1
1 42
1 95
1 48
2 67
1 12
1 72
1 89
1 50
1 24
2 40
2 34
1 20
2 94
1 49
1 43
1 90
2 73
2 8
2 13
2 88
1 65
1 92
1 5
2 54
2 5
1 48
1 13
1 75
2 75
2 82
2 52
1 53
2 16
2 73
1 78
2 15
2 81
2 74
1 75
1 94
2 31
2 25
2 26
2 92
2 70
2 48
2 38
2 17
2 56
1 69
2 27
1 69
1 54
1 60
2 13
2 86
1 24
2 35
2 49
2 23
2 58
2 13
2 86
1 81
2 15
1 95
2 43
1 55
2 74
1 80
2 65
1 76
1 93
1 37
2 57
2 31
2 47
1 84
1 44
1 3
2 83
1 82
2 30
1 4
2 26
2 27
2 23
2 66
2 16
2 49
2 63
1 87
1 82
1 91
1 91
2 13
1 35
1 70
1 79
1 32
2 33
2 42
2 19
2 69
2 41
1 36
1 61
1 61
2 21
1 13
2 98
1 40
1 12
1 81
1 66
1 14
2 24
2 70
1 53
1 45
1 15
2 66
1 46
2 50
1 53
1 95
1 10
2 45
1 40
2 53
2 78
1 100
1 78
2 18
2 37
1 34
1 96
2 28
1 27
1 88
1 100
1 56
2 86
1 17
2 25
1 79
2 87
1 17
2 47
1 35
2 37
1 7
1 82
1 80
1 67
1 40
2 20
2 2
1 40
1 82
2 78
1 69
2 35
2 21
2 52
2 70
1 6
1 26
2 4
2 18
1 14
1 27
1 33
1 92
1 75
2 21
1 16
2 29
1 14
1 8
2 99
1 80
2 2
1 61
1 15
2 25
1 28
1 39
2 13
2 25
1 90
2 97
1 93
2 70
2 62
2 89
2 48
1 84
2 51
1 23
1 96
2 33
1 23
1 87
2 59
1 17
2 44
1 93
1 28
2 30
2 99
1 44
1 57
1 47
1 28
1 20
2 25
2 60
2 43
2 63
2 41
2 31
1 92
1 25
2 56
1 70
1 64
1 44
2 25
2 7
2 81
1 79
2 53
1 8
1 71
1 37
2 53
1 61
2 56
2 52
1 78
1 53
1 65
1 1
1 52
2 6
2 25
2 86
1 30
1 32
1 75
1 10
1 97
2 91
1 9
1 39
2 36
2 79
2 97
1 52
2 50
1 80
2 92
2 43
1 45
1 63
2 11
1 46
1 75
2 29
1 37
1 66
2 100
1 64
1 19
2 83
1 46
2 90
2 22
1 70
1 99
1 73
2 53
2 95
1 50
2 64
2 7
1 34
1 67
1 61
2 38
2 72
1 7
1 35
2 75
1 53
2 65
1 22
2 46
2 72
1 64
2 5
2 59
2 10
1 70
1 38
1 86
2 89
1 90
1 88
1 92
2 78
2 9
2 59
2 18
2 34
1 12
1 38
2 35
1 10
1 84
2 10
2 41
1 61
2 3
1 57
2 24
2 4
1 31
2 83
2 56
2 28
2 41
2 65
2 70
2 25
2 44
2 25
1 83
2 79
2 61
1 88
1 55
1 45
1 4
2 61
1 74
2 20
1 11
1 67
1 79
2 13
1 38
2 35
1 92
2 67
2 16
2 52
2 73
2 87
1 22
2 87
1 45
1 44
1 50
2 89
1 62
2 59
2 100
2 55
1 75
1 18
1 2
2 8
1 45
2 69
1 79
1 85
1 76
1 45
2 35
2 6
1 33
2 75
1 26
1 17
2 68
1 31
1 16
1 32
2 22
2 75
1 74
2 61
1 19
1 4
2 55
1 96
2 83
2 59
1 73
1 4
1 92
1 77
1 94
2 53
1 43
1 40
1 83
2 4
2 56
1 87
1 49
1 70
2 36
2 66
2 57
1 75
1 9
2 75
2 40
2 32
2 41
2 100
2 98
2 97
1 26
1 41
2 5
1 83
1 46
1 51
2 79
2 57
2 15
1 14
2 24
2 79
1 41
1 48
2 10
2 58
1 69
2 44
2 15
2 86
1 32
2 77
1 63
1 24
1 94
1 100
2 13
1 22
1 7
1 7
2 100
2 97
1 73
2 84
1 23
1 74
2 8
2 97
1 25
1 53
1 37
1 44
2 66
2 86
1 76
1 16
1 29
1 31
1 7
1 39
2 97
2 26
2 49
1 4
2 42
1 4
2 60
2 10
2 61
1 26
1 13
1 95
1 57
2 3
1 6
1 91
2 39
2 53
1 60
1 46
2 38
1 2
2 76
2 56
2 100
2 13
1 87
1 74
1 68
2 4
1 28
2 26
1 24
1 93
1 57
1 8
1 34
2 65
2 13
2 76
2 34
1 19
1 89
1 36
1 48
2 54
2 85
1 27
1 22
2 42
2 46
2 98
1 96
2 39
2 43
1 20
1 49
2 16
2 93
2 96
2 36
1 76
2 79
1 85
2 91
1 8
2 24
1 90
2 99
1 78
1 99
1 75
1 67
1 28
1 28
1 72
1 91
1 5
1 41
1 90
1 2
2 81
1 88
1 10
2 6
1 26
1 63
2 50
2 86
2 59
1 93
2 30
1 67
2 68
1 68
2 74
1 43
2 40
1 37
2 69
2 77
2 38
2 41
2 16
1 63
1 88
1 99
2 78
2 33
2 19
1 80
2 26
1 39
2 59
2 54
2 55
1 58
2 47
2 92
2 17
1 31
2 28
1 61
1 20
1 56
2 13
1 65
2 11
1 55
1 50
1 63
1 50
2 12
1 83
1 14
1 29
1 38
2 52
2 31
2 61
2 54
2 75
2 94
2 36
2 47
2 13
2 60
2 87
1 59
1 61
2 81
1 61
1 93
1 26
2 83
2 24
1 37
1 54
1 72
2 74
2 90
2 26
2 19
1 96
2 89
1 78
1 4
2 77
1 27
2 33
1 29
2 16
2 8
2 51
2 76
2 90
1 37
1 39
1 41
1 55
2 12
1 65
1 37
1 5
1 36
2 48
2 58
1 91
2 12
2 94
1 30
1 65
2 63
2 41
2 93
1 53
1 80
2 59
1 5
1 70
2 25
2 38
1 53
1 16
1 74
2 51
2 44
2 33
1 7
1 59
2 99
1 81
2 73
1 36
2 19
1 13
1 37
2 77
2 15
2 53
1 33
1 64
2 27
1 63
1 28
2 88
2 97
1 40
1 86
1 52
1 30
2 77
2 11
1 77
2 49
2 1
1 26
1 16
1 31
2 11
1 61
1 4
1 55
1 72
2 50
1 10
2 67
2 41
1 1
1 59
2 97
1 74
1 99
1 99
2 11
2 5
2 11
1 89
1 79
1 85
2 39
1 34
1 83
1 35
2 64
1 29
2 90
2 33
1 64
2 53
1 23
2 72
1 65
2 81
1 64
1 44
1 9
2 2
1 94
1 15
1 78
2 37
2 44
2 83
2 83
1 96
2 38
1 22
1 83
2 51
1 15
2 2
1 67
1 65
2 44
1 99
1 78
2 71
1 48
2 5
1 61
1 31
1 65
1 49
2 5
1 64
1 46
1 37
2 77
1 23
2 56
1 92
1 52
2 44
1 1
2 29
2 34
1 29
2 8
1 56
1 31
2 82
2 5
2 5
2 20
1 60
1 69
1 26
1 96
2 5
2 19
1 76
2 89
1 76
2 94
2 36
1 80
1 84
1 12
2 29
2 69
2 89
1 31
2 49
1 77
2 44
1 93
1 86
1 54
2 92
2 57
1 59
1 18
1 27
1 8
1 63
1 89
1 9
1 11
1 100
2 88
1 4
1 33
2 36
1 21
1 16
2 95
1 96
2 97
1 17
1 67
2 39
2 10
1 21
1 3
1 32
2 84
1 84
1 31
2 2
2 84
2 74
2 1
2 28
2 7
1 1
1 12
2 37
2 21
1 5
1 46
2 19
1 30
2 96
1 46
1 61
2 99
2 70
1 35
1 41
1 79
1 29
2 39
1 55
2 7
1 88
1 23
1 72
1 86
2 88
2 36
1 10
1 98
1 19
2 45
2 33
1 11
2 70
1 13
2 27
1 89
1 69
2 4
2 11
1 94
2 12
1 43
2 93
2 17
1 86
1 71
1 33
1 9
2 82
2 6
1 37
2 47
2 82
1 46
1 96
1 88
2 79
2 62
2 71
2 16
1 66
2 6
2 88
2 61
2 57
1 83
2 100
1 49
1 16
1 46
1 49
1 27
1 36
2 100
2 11
2 51
2 4
1 89
1 89
1 73
2 75
1 17
2 74
2 63
1 94
2 26
2 9
1 40
2 43
2 12
2 68
2 7
2 36
2 14
2 51
2 48
1 23
1 21
2 64
1 88
1 84
2 14
2 62
1 80
2 77
2 1
2 95
2 86
1 79
1 44
2 46
1 5
2 22
2 89
2 52
1 23
2 59
2 34
2 12
2 1
2 95
1 70
2 12
2 77
2 67
2 89
2 64
2 17
2 14
2 86
1 26
1 20
1 73
2 88
2 34
2 13
1 40
2 57
2 62
1 100
1 55
2 56
1 52
1 12
1 64
2 62
1 27
1 87
1 33
1 79
2 87
2 41
1 53
1 5
1 58
2 95
1 26
1 83
1 70
2 16
1 63
2 14
1 44
2 87
2 27
2 3
2 57
2 16
1 65
1 11
1 82
2 89
2 61
2 14
1 48
2 89
2 8
1 100
1 74
2 85
1 11
1 89
1 39
1 50
2 20
2 95
2 34
2 57
1 34
2 21
1 48
1 65
1 81
2 74
2 41
1 42
1 67
1 48
1 40
1 52
1 82
2 22
1 64
2 98
2 90
2 15
1 71
2 58
1 20
1 62
2 42
1 85
2 2
1 3
2 93
1 18
2 42
2 93
2 46
2 10
1 99
2 17
2 13
2 28
1 43
2 15
2 67
2 6
2 22
2 46
2 28
2 42
2 62
1 60
1 33
2 92
2 22
2 86
2 40
1 58
1 94
2 75
2 36
2 83
2 96
1 28
2 55
2 82
1 13
1 27
1 36
2 32
2 10
2 21
1 69
1 73
2 46
1 83
1 40
1 2
2 36
2 45
1 78
2 10
1 37
1 83
2 77
2 63
2 47
2 49
2 99
2 34
1 45
1 60
2 17
2 13
1 9
1 96
1 64
2 90
2 65
2 81
1 9
2 72
1 54
2 8
1 10
2 26
2 74
2 58
1 72
1 33
1 79
2 64
2 70
1 56
1 88
2 30
1 85
1 51
2 97
2 69
2 61
1 78
1 57
2 75
1 46
1 64
2 29
1 39
1 19
1 35
1 85
1 27
1 66
2 34
2 41
1 38
1 40
1 27
2 76
1 89
2 18
2 63
1 17
2 95
1 13
1 66
2 99
1 97
2 90
2 38
2 72
1 33
2 31
2 66
2 51
2 3
2 43
2 91
1 97
1 3
2 56
1 33
1 89
2 81
1 48
1 1
1 92
2 11
2 35
1 73
2 77
1 90
2 60
2 19
2 86
2 71
1 98
1 70
1 96
2 35
2 75
2 65
1 20
2 87
1 34
1 76
1 9
1 29
1 38
1 14
2 15
1 32
2 30
1 80
2 69
1 14
1 24
2 72
1 76
2 99
1 38
1 42
2 78
1 81
1 26
2 62
1 55
1 57
2 95
1 95
2 81
1 69
2 95
2 51
1 6
2 25
1 85
2 44
2 63
1 85
2 8
2 85
2 28
1 82
1 18
2 91
2 25
2 86
2 2
1 13
2 69
2 31
1 89
1 80
2 24
1 39
1 80
2 55
2 43
1 70
1 35
1 35
2 33
2 17
1 30
1 1
1 7
2 68
1 90
2 18
1 6
2 16
1 67
2 40
1 86
1 72
2 91
2 23
2 37
1 50
2 12
2 49
1 89
2 45
2 90
2 47
2 97
2 33
2 81
1 2
2 99
2 81
2 34
2 58
1 29
2 60
2 74
2 43
2 68
2 16
2 63
1 64
1 6
1 31
1 70
2 27
2 49
2 66
1 31
1 29
2 98
1 82
1 49
2 47
1 28
1 13
2 10
2 22
1 84
1 57
2 24
2 40
2 97
1 68
2 85
2 23
2 84
2 12
1 38
2 23
2 95
1 86
2 81
2 44
2 47
1 75
2 76
2 10
1 84
1 95
1 88
1 90
2 96
2 39
1 62
2 92
2 35
2 16
2 45
1 63
1 57
1 43
1 24
2 71
2 85
2 50
2 97
2 61
1 33
2 52
2 80
2 58
1 38
2 58
1 80
1 33
1 24
2 2
2 28
2 97
1 74
1 31
2 93
1 46
1 33
1 39
1 88
1 3
2 6
2 96
1 19
2 36
1 71
1 39
1 1
1 43
2 5
2 59
1 65
1 100
2 35
1 65
2 46
2 24
1 99
2 78
1 95
1 29
1 98
1 56
1 34
1 57
1 99
1 97
2 17
1 62
1 27
1 70
2 22
1 36
1 80
2 70
2 35
1 97
1 53
2 22
1 77
1 28
2 58
1 92
2 37
1 15
2 74
2 60
1 50
1 99
2 96
2 65
2 83
2 68
2 29
1 89
1 93
1 8
2 88
2 79
2 65
1 3
1 38
2 19
2 76
1 11
2 75
1 53
2 11
2 36
2 38
2 38
1 55
2 58
1 2
2 95
2 31
2 79
2 43
2 49
2 66
1 87
2 87
2 8
1 20
2 7
1 45
2 27
2 80
1 27
2 77
1 3
1 93
1 24
1 86
2 4
2 46
2 64
1 30
1 39
1 2
2 87
2 39
2 10
2 24
1 19
2 60
1 7
1 65
2 59
1 61
1 66
1 97
1 79
2 92
2 96
2 57
2 64
2 94
1 30
2 55
2 100
1 67
1 90
1 72
2 86
2 80
1 61
1 2
2 99
2 66
1 86
2 32
1 42
2 45
2 26
2 5
1 87
1 86
1 6
1 7
1 90
1 81
2 83
1 19
1 15
1 8
1 33
1 95
1 33
2 98
2 41
1 10
1 87
1 41
2 82
2 79
1 65
2 25
2 52
2 3
1 69
1 66
2 49
1 18
2 8
1 85
2 19
1 59
2 34
2 82
1 48
2 77
1 85
1 85
1 77
2 75
2 12
1 49
1 16
1 26
1 17
2 6
2 24
1 33
2 88
1 11
1 100
2 16
2 15
1 34
2 14
2 95
1 64
2 69
2 67
2 43
1 99
1 37
1 63
1 65
1 71
1 23
1 73
2 69
2 32
2 36
1 99
1 99
1 51
1 91
2 91
1 27
2 74
1 49
1 85
1 95
2 59
2 28
1 37
1 58
2 60
2 44
1 41
1 11
2 47
1 90
1 29
2 2
2 79
1 35
2 97
2 67
2 76
2 3
1 39
2 73
2 69
2 48
2 82
2 15
1 59
2 25
1 16
1 99
2 45
2 88
2 44
2 98
2 1
1 49
2 86
2 48
2 54
2 65
1 89
2 88
2 55
1 46
2 58
2 4
2 97
1 94
2 56
2 79
2 72
1 62
1 77
2 36
2 94
1 74
1 25
1 53
1 11
1 11
1 46
1 75
1 86
2 12
2 90
1 94
2 33
2 48
2 58
1 40
1 73
1 49
1 39
2 97
1 57
2 54
1 3
1 84
2 58
1 76
1 72
2 100
1 49
2 46
2 19
2 65
1 40
2 71
2 16
2 89
1 25
2 20
1 49
1 24
2 7
2 35
1 71
1 27
2 60
2 82
1 36
2 14
2 23
1 70
2 38
2 22
2 9
2 67
1 90
1 78
2 24
2 73
1 77
2 82
1 5
2 76
2 95
1 36
1 46
1 32
1 20
1 62
2 5
1 46
1 71
1 63
1 63
1 57
1 40
1 80
2 50
2 69
2 48
1 74
1 11
1 40
1 82
1 45
1 80
1 6
2 46
2 45
2 37
2 45
1 72
1 79
1 6
1 27
1 41
2 31
2 43
2 79
2 36
2 61
2 44
1 86
2 4
1 88
2 13
1 27
2 66
2 83
1 7
1 34
1 95
1 57
1 21
2 99
2 83
1 89
1 69
1 67
1 100
2 10
2 16
1 6
1 49
1 48
1 98
1 37
2 54
1 80
2 35
2 75
1 47
2 14
2 83
2 11
2 33
1 69
1 15
1 68
2 31
1 64
2 5
1 53
2 62
2 93
1 19
2 14
2 91
2 10
2 49
2 24
2 34
2 19
1 52
1 67
1 28
2 54
1 81
1 88
1 60
1 40
2 65
1 21
1 51
1 58
2 15
1 76
1 93
2 64
1 30
2 24
2 14
1 12
2 25
1 25
1 78
2 1
1 66
2 4
2 94
1 24
2 34
2 31
1 32
2 11
1 13
1 59
1 93
1 5
1 13
2 27
1 95
2 63
2 75
1 16
2 100
1 24
2 21
2 44
2 31
1 2
2 44
1 20
1 37
1 9
2 81
1 20
1 61
2 89
2 43
2 90
2 78
2 95
1 36
1 99
2 75
1 12
2 44
2 18
2 84
1 24
1 63
1 77
1 4
1 63
1 18
2 53
2 3
1 2
1 19
2 47
2 70
2 59
1 79
2 95
2 90
1 74
1 58
2 37
1 31
2 49
1 40
2 27
2 34
2 33
1 85
1 8
1 53
2 95
1 75
2 34
2 50
2 18
1 53
1 93
1 51
1 84
1 33
1 16
1 24
2 63
2 30
2 47
2 70
1 42
1 99
1 95
1 81
1 72
1 44
2 56
1 47
1 92
1 60
1 13
2 11
2 43
1 1
2 26
2 25
2 93
2 25
1 53
2 13
1 38
1 65
2 42
2 16
2 99
1 87
2 36
1 16
2 82
2 56
1 26
1 99
2 70
1 71
1 81
2 26
1 81
2 60
1 77
1 90
2 43
2 81
2 42
2 15
2 51
1 60
2 23
2 39
1 64
2 35
1 15
1 67
2 97
2 89
1 9
2 22
1 46
2 7
1 88
2 26
2 1
2 13
2 25
1 67
2 64
2 18
1 50
1 63
2 21
2 95
1 50
2 85
1 74
1 96
2 9
2 81
1 32
1 20
2 24
1 32
1 77
2 32
2 64
2 58
1 46
2 34
1 36
1 50
1 76
1 26
1 91
2 36
1 37
1 92
1 90
2 61
1 63
1 54
2 55
1 40
1 76
2 8
2 19
1 2
1 68
2 10
2 54
1 64
2 99
2 53
1 3
2 55
1 27
1 94
1 30
1 52
1 94
2 66
1 85
2 48
2 86
2 74
1 4
1 70
2 9
2 56
2 30
1 10
2 31
2 77
2 32
2 12
1 54
1 56
2 22
1 52
1 7
1 35
1 6
2 93
2 17
1 100
1 76
1 21
1 5
1 7
2 49
2 7
2 72
2 42
1 100
2 6
2 32
1 80
2 37
1 68
2 31
2 10
2 3
1 51
1 22
1 36
2 90
2 91
2 24
1 69
1 76
1 77
2 1
2 40
2 96
1 53
2 43
2 71
1 99
2 30
2 41
1 34
2 31
2 33
2 9
2 100
2 22
1 6
1 21
2 70
1 12
1 42
1 45
1 84
2 96
2 46
2 77
1 64
2 45
1 50
1 47
1 43
1 62
2 16
2 48
1 67
2 48
2 56
1 76
1 64
1 26
2 18
1 62
2 26
2 63
2 50
2 45
2 98
2 66
2 34
2 28
2 85
2 57
2 10
2 32
1 58
2 25
1 40
2 59
2 33
2 85
1 22
2 38
2 95
2 92
1 85
1 84
1 64
2 61
1 10
2 1
1 42
1 5
1 33
1 19
2 95
2 73
1 21
2 90
2 91
1 34
1 84
1 23
2 46
1 27
1 32
1 77
1 15
2 16
1 87
1 19
1 95
2 6
2 83
1 9
1 37
2 4
2 19
2 47
2 60
1 34
2 84
1 18
1 43
2 12
2 84
1 75
1 90
2 27
1 91
1 69
1 28
1 99
1 32
2 40
1 96
1 25
2 76
2 26
2 71
2 42
1 71
1 89
1 6
2 28
1 83
2 58
1 48
2 85
2 71
1 80
2 33
1 84
1 79
1 31
2 43
2 57
1 83
2 19
1 59
1 54
2 40
2 38
1 8
2 1
1 91
1 88
2 96
1 43
1 13
1 28
1 28
2 37
1 48
2 52
1 65
2 58
2 93
1 45
1 78
2 82
2 84
2 33
2 64
1 65
1 1
1 85
2 8
1 83
2 88
1 1
2 30
2 30
1 72
2 40
1 45
2 2
1 2
1 25
1 90
1 93
2 71
1 6
1 97
1 11
2 12
1 1
2 87
1 74
2 19
2 75
2 90
2 48
1 48
1 41
1 62
1 96
2 89
1 34
2 29
1 29
1 7
2 52
2 7
2 72
1 45
2 11
1 30
1 3
2 50
2 57
1 78
1 85
2 86
1 10
1 52
2 3
2 42
2 46
1 79
1 13
2 15
2 57
2 9
1 45
2 94
2 44
1 64
2 17
1 14
2 57
1 83
1 72
1 76
2 56
1 10
1 1
1 48
2 94
2 27
2 12
2 66
2 89
2 18
1 47
2 95
1 74
2 52
2 74
1 44
1 70
1 67
1 97
2 35
1 46
1 25
1 62
1 44
2 26
2 72
1 34
1 76
1 53
2 85
1 17
2 79
2 74
1 57
1 28
2 8
2 65
1 15
2 39
2 92
1 10
2 1
2 72
2 20
1 90
1 13
2 69
1 72
1 93
2 18
2 9
1 74
1 95
2 81
2 93
1 95
1 24
1 64
1 57
1 45
1 40
1 56
2 2
1 47
2 27
2 93
2 27
2 28
2 90
2 23
2 82
2 3
1 77
2 51
2 41
2 95
1 26
1 79
1 10
2 30
1 35
2 45
2 81
2 25
2 29
1 93
2 23
2 33
2 85
1 12
1 13
2 14
2 59
1 7
1 49
1 53
1 94
2 49
1 6
1 25
2 60
1 26
2 69
1 50
1 42
2 83
1 45
2 80
2 41
1 50
1 69
2 30
2 10
1 17
2 53
2 81
2 36
2 76
2 84
1 63
1 69
2 76
1 76
1 25
1 77
2 46
2 69
2 35
1 64
1 46
2 4
2 35
2 95
2 42
1 74
1 20
1 59
2 71
1 5
2 5
1 93
1 77
1 93
1 82
1 96
2 25
2 93
2 27
2 51
1 78
1 12
1 3
1 4
1 65
1 31
2 20
1 61
2 95
2 29
2 29
2 29
1 79
1 84
2 73
1 94
2 98
2 61
1 82
1 39
2 80
1 19
2 94
1 62
1 87
1 30
2 80
2 24
2 43
1 63
1 69
1 25
2 50
2 2
2 93
2 59
1 18
1 98
1 25
2 94
2 93
2 35
1 74
1 39
2 35
2 96
1 62
2 71
1 21
2 24
2 50
2 23
2 100
2 76
1 94
1 37
1 82
2 60
2 14
1 10
1 55
2 44
2 9
2 39
1 88
1 77
2 50
2 35
1 95
1 9
2 30
1 63
2 27
1 70
2 90
2 61
2 63
2 44
2 83
1 60
1 96
2 24
1 64
2 51
2 40
1 92
1 3
2 17
1 23
2 59
1 78
2 95
2 37
2 10
2 31
2 60
1 13
1 39
1 3
1 20
2 34
1 33
1 22
2 49
1 5
2 31
2 62
2 77
2 100
1 56
1 80
2 16
1 27
2 86
2 61
2 51
2 20
1 100
1 28
2 55
2 16
2 8
1 6
2 39
1 62
2 12
1 27
2 39
2 23
2 5
2 85
1 46
1 41
2 91
1 38
1 41
2 76
2 82
1 13
1 99
1 56
1 52
2 3
1 90
1 62
2 14
2 97
2 87
2 14
2 44
1 24
2 30
1 82
1 57
1 80
2 14
1 15
2 71
1 100
2 37
2 26
2 51
1 98
1 74
1 2
1 67
1 93
2 32
1 74
1 16
2 77
1 44
1 20
2 90
2 2
1 79
2 43
1 67
2 67
1 85
1 17
2 98
1 42
2 96
1 94
1 61
1 29
1 43
2 10
1 54
1 96
2 74
2 26
2 40
1 93
1 30
2 51
1 17
2 96
2 32
1 100
2 80
2 41
1 77
2 52
2 34
1 89
2 15
2 35
1 69
1 32
2 99
2 95
1 16
2 55
1 33
2 5
2 42
2 94
1 38
1 52
1 31
2 98
1 85
2 11
2 70
1 67
1 51
2 90
2 69
1 9
1 68
1 8
1 57
1 41
1 95
1 28
1 33
1 18
1 83
1 60
1 83
2 1
1 52
2 45
1 33
2 46
2 88
1 81
2 62
2 7
2 38
1 12
1 57
1 91
1 3
1 17
2 46
2 11
1 24
1 96
1 11
1 27
1 64
2 74
1 88
2 53
2 64
1 21
1 51
2 36
1 15
1 87
2 84
1 90
2 5
1 88
1 95
2 59
2 8
1 18
1 96
1 15
1 36
2 30
1 10
1 78
1 60
1 95
2 94
2 14
1 89
2 33
1 14
2 9
1 70
1 30
2 81
2 81
1 75
1 37
1 58
2 62
1 5
2 74
2 5
1 80
2 42
1 71
2 72
1 5
2 32
1 18
1 48
2 79
2 15
1 45
2 90
2 76
1 53
1 71
2 99
2 16
1 73
1 30
1 74
1 13
1 36
1 3
2 95
1 84
1 94
1 79
2 41
2 56
2 43
2 23
2 89
2 27
1 33
2 70
2 73
2 12
1 37
1 20
2 4
1 85
2 70
1 77
1 81
1 63
1 2
2 15
2 51
1 51
1 68
1 79
1 74
2 50
2 80
1 99
1 57
2 58
1 41
2 10
1 50
2 21
1 31
1 89
2 14
2 46
2 6
2 67
1 28
2 59
1 87
2 54
1 54
1 9
1 70
2 71
2 14
1 18
1 77
2 39
2 91
1 75
2 67
2 70
2 19
2 83
1 54
2 28
1 35
2 86
1 91
1 64
2 58
1 87
1 25
2 72
1 70
2 41
2 98
2 24
2 36
2 83
1 78
2 43
2 64
1 13
2 89
1 25
2 39
2 81
1 21
1 79
1 83
1 59
2 32
2 85
2 90
2 66
1 95
2 23
2 23
2 62
1 42
2 88
1 64
1 29
1 86
1 74
2 56
2 12
1 88
2 39
1 19
1 4
2 55
2 22
1 78
2 62
1 12
2 20
2 1
1 71
2 10
2 80
1 37
1 1
2 12
1 27
1 8
2 13
2 4
1 94
1 41
1 2
2 27
2 14
1 49
2 5
2 21
2 99
1 55
2 49
1 65
1 4
1 39
1 95
2 11
2 56
2 30
1 86
1 86
1 2
2 71
1 51
1 63
1 61
2 57
2 17
2 4
2 22
2 25
1 30
2 70
1 89
2 66
